succ_sum: 0, 0, 0, 0, 0, 1, 0, 0, 0, 0, 0, 0, 0, 0, 0, 0, 0, 0, 0, 0, 0, 0, 0, 0
fail_sum: 0, 0, 0, 0, 0, 0, 0, 0, 0, 0, 0, 0, 0, 0, 0, 0, 0, 0, 0, 0, 0, 0, 0, 0
bett_sum: 0, 0, 0, 0, 0, 0, 0, 0, 0, 0, 0, 0, 0, 0, 0, 0, 0, 0, 0, 0, 0, 0, 0, 0

succ_sum: 0, 0, 0, 0, 0, 1, 0, 0, 0, 0, 0, 0, 0, 0, 0, 1, 0, 0, 0, 0, 0, 0, 0, 0
fail_sum: 0, 0, 0, 0, 0, 0, 0, 0, 0, 0, 0, 0, 0, 0, 0, 0, 0, 0, 0, 0, 0, 0, 0, 0
bett_sum: 0, 0, 0, 0, 0, 0, 0, 0, 0, 0, 0, 0, 0, 0, 0, 0, 0, 0, 0, 0, 0, 0, 0, 0

succ_sum: 0, 0, 0, 0, 0, 1, 0, 0, 1, 0, 0, 0, 0, 0, 0, 1, 0, 0, 0, 0, 0, 0, 0, 0
fail_sum: 0, 0, 0, 0, 0, 0, 0, 0, 0, 0, 0, 0, 0, 0, 0, 0, 0, 0, 0, 0, 0, 0, 0, 0
bett_sum: 0, 0, 0, 0, 0, 0, 0, 0, 0, 0, 0, 0, 0, 0, 0, 0, 0, 0, 0, 0, 0, 0, 0, 0

succ_sum: 0, 0, 0, 0, 0, 1, 0, 0, 1, 0, 0, 0, 0, 0, 1, 1, 0, 0, 0, 0, 0, 0, 0, 0
fail_sum: 0, 0, 0, 0, 0, 0, 0, 0, 0, 0, 0, 0, 0, 0, 0, 0, 0, 0, 0, 0, 0, 0, 0, 0
bett_sum: 0, 0, 0, 0, 0, 0, 0, 0, 0, 0, 0, 0, 0, 0, 0, 0, 0, 0, 0, 0, 0, 0, 0, 0

succ_sum: 0, 0, 0, 0, 0, 1, 0, 0, 1, 0, 0, 1, 0, 0, 1, 1, 0, 0, 0, 0, 0, 0, 0, 0
fail_sum: 0, 0, 0, 0, 0, 0, 0, 0, 0, 0, 0, 0, 0, 0, 0, 0, 0, 0, 0, 0, 0, 0, 0, 0
bett_sum: 0, 0, 0, 0, 0, 0, 0, 0, 0, 0, 0, 0, 0, 0, 0, 0, 0, 0, 0, 0, 0, 0, 0, 0

succ_sum: 0, 0, 0, 0, 0, 1, 0, 0, 1, 1, 0, 1, 0, 0, 1, 1, 0, 0, 0, 0, 0, 0, 0, 0
fail_sum: 0, 0, 0, 0, 0, 0, 0, 0, 0, 0, 0, 0, 0, 0, 0, 0, 0, 0, 0, 0, 0, 0, 0, 0
bett_sum: 0, 0, 0, 0, 0, 0, 0, 0, 0, 0, 0, 0, 0, 0, 0, 0, 0, 0, 0, 0, 0, 0, 0, 0

succ_sum: 0, 0, 0, 0, 0, 1, 0, 0, 1, 1, 0, 1, 0, 0, 1, 1, 0, 0, 0, 0, 0, 0, 0, 0
fail_sum: 0, 0, 0, 0, 0, 0, 0, 0, 0, 0, 0, 0, 0, 0, 0, 0, 0, 0, 0, 0, 0, 0, 0, 0
bett_sum: 1, 0, 0, 0, 0, 0, 0, 0, 0, 0, 0, 0, 0, 0, 0, 0, 0, 0, 0, 0, 0, 0, 0, 0

succ_sum: 0, 0, 1, 0, 0, 1, 0, 0, 1, 1, 0, 1, 0, 0, 1, 1, 0, 0, 0, 0, 0, 0, 0, 0
fail_sum: 0, 0, 0, 0, 0, 0, 0, 0, 0, 0, 0, 0, 0, 0, 0, 0, 0, 0, 0, 0, 0, 0, 0, 0
bett_sum: 1, 0, 0, 0, 0, 0, 0, 0, 0, 0, 0, 0, 0, 0, 0, 0, 0, 0, 0, 0, 0, 0, 0, 0

succ_sum: 0, 0, 1, 0, 0, 1, 0, 0, 1, 1, 0, 1, 0, 0, 1, 1, 1, 0, 0, 0, 0, 0, 0, 0
fail_sum: 0, 0, 0, 0, 0, 0, 0, 0, 0, 0, 0, 0, 0, 0, 0, 0, 0, 0, 0, 0, 0, 0, 0, 0
bett_sum: 1, 0, 0, 0, 0, 0, 0, 0, 0, 0, 0, 0, 0, 0, 0, 0, 0, 0, 0, 0, 0, 0, 0, 0

succ_sum: 0, 0, 1, 1, 0, 1, 0, 0, 1, 1, 0, 1, 0, 0, 1, 1, 1, 0, 0, 0, 0, 0, 0, 0
fail_sum: 0, 0, 0, 0, 0, 0, 0, 0, 0, 0, 0, 0, 0, 0, 0, 0, 0, 0, 0, 0, 0, 0, 0, 0
bett_sum: 1, 0, 0, 0, 0, 0, 0, 0, 0, 0, 0, 0, 0, 0, 0, 0, 0, 0, 0, 0, 0, 0, 0, 0

succ_sum: 0, 0, 1, 1, 0, 1, 0, 0, 1, 2, 0, 1, 0, 0, 1, 1, 1, 0, 0, 0, 0, 0, 0, 0
fail_sum: 0, 0, 0, 0, 0, 0, 0, 0, 0, 0, 0, 0, 0, 0, 0, 0, 0, 0, 0, 0, 0, 0, 0, 0
bett_sum: 1, 0, 0, 0, 0, 0, 0, 0, 0, 0, 0, 0, 0, 0, 0, 0, 0, 0, 0, 0, 0, 0, 0, 0

succ_sum: 0, 0, 1, 1, 1, 1, 0, 0, 1, 2, 0, 1, 0, 0, 1, 1, 1, 0, 0, 0, 0, 0, 0, 0
fail_sum: 0, 0, 0, 0, 0, 0, 0, 0, 0, 0, 0, 0, 0, 0, 0, 0, 0, 0, 0, 0, 0, 0, 0, 0
bett_sum: 1, 0, 0, 0, 0, 0, 0, 0, 0, 0, 0, 0, 0, 0, 0, 0, 0, 0, 0, 0, 0, 0, 0, 0

succ_sum: 0, 0, 1, 1, 1, 1, 0, 0, 1, 2, 0, 1, 0, 0, 1, 2, 1, 0, 0, 0, 0, 0, 0, 0
fail_sum: 0, 0, 0, 0, 0, 0, 0, 0, 0, 0, 0, 0, 0, 0, 0, 0, 0, 0, 0, 0, 0, 0, 0, 0
bett_sum: 1, 0, 0, 0, 0, 0, 0, 0, 0, 0, 0, 0, 0, 0, 0, 0, 0, 0, 0, 0, 0, 0, 0, 0

succ_sum: 0, 0, 1, 1, 1, 1, 0, 0, 1, 2, 0, 1, 0, 0, 1, 3, 1, 0, 0, 0, 0, 0, 0, 0
fail_sum: 0, 0, 0, 0, 0, 0, 0, 0, 0, 0, 0, 0, 0, 0, 0, 0, 0, 0, 0, 0, 0, 0, 0, 0
bett_sum: 1, 0, 0, 0, 0, 0, 0, 0, 0, 0, 0, 0, 0, 0, 0, 0, 0, 0, 0, 0, 0, 0, 0, 0

succ_sum: 0, 0, 1, 1, 2, 1, 0, 0, 1, 2, 0, 1, 0, 0, 1, 3, 1, 0, 0, 0, 0, 0, 0, 0
fail_sum: 0, 0, 0, 0, 0, 0, 0, 0, 0, 0, 0, 0, 0, 0, 0, 0, 0, 0, 0, 0, 0, 0, 0, 0
bett_sum: 1, 0, 0, 0, 0, 0, 0, 0, 0, 0, 0, 0, 0, 0, 0, 0, 0, 0, 0, 0, 0, 0, 0, 0

succ_sum: 0, 0, 1, 1, 2, 1, 0, 0, 1, 2, 0, 1, 0, 0, 2, 3, 1, 0, 0, 0, 0, 0, 0, 0
fail_sum: 0, 0, 0, 0, 0, 0, 0, 0, 0, 0, 0, 0, 0, 0, 0, 0, 0, 0, 0, 0, 0, 0, 0, 0
bett_sum: 1, 0, 0, 0, 0, 0, 0, 0, 0, 0, 0, 0, 0, 0, 0, 0, 0, 0, 0, 0, 0, 0, 0, 0

succ_sum: 0, 0, 1, 1, 2, 1, 0, 1, 1, 2, 0, 1, 0, 0, 2, 3, 1, 0, 0, 0, 0, 0, 0, 0
fail_sum: 0, 0, 0, 0, 0, 0, 0, 0, 0, 0, 0, 0, 0, 0, 0, 0, 0, 0, 0, 0, 0, 0, 0, 0
bett_sum: 1, 0, 0, 0, 0, 0, 0, 0, 0, 0, 0, 0, 0, 0, 0, 0, 0, 0, 0, 0, 0, 0, 0, 0

succ_sum: 0, 0, 1, 1, 2, 1, 0, 1, 2, 2, 0, 1, 0, 0, 2, 3, 1, 0, 0, 0, 0, 0, 0, 0
fail_sum: 0, 0, 0, 0, 0, 0, 0, 0, 0, 0, 0, 0, 0, 0, 0, 0, 0, 0, 0, 0, 0, 0, 0, 0
bett_sum: 1, 0, 0, 0, 0, 0, 0, 0, 0, 0, 0, 0, 0, 0, 0, 0, 0, 0, 0, 0, 0, 0, 0, 0

succ_sum: 0, 0, 1, 1, 2, 1, 0, 2, 2, 2, 0, 1, 0, 0, 2, 3, 1, 0, 0, 0, 0, 0, 0, 0
fail_sum: 0, 0, 0, 0, 0, 0, 0, 0, 0, 0, 0, 0, 0, 0, 0, 0, 0, 0, 0, 0, 0, 0, 0, 0
bett_sum: 1, 0, 0, 0, 0, 0, 0, 0, 0, 0, 0, 0, 0, 0, 0, 0, 0, 0, 0, 0, 0, 0, 0, 0

succ_sum: 0, 0, 1, 1, 2, 1, 0, 2, 2, 2, 0, 1, 0, 1, 2, 3, 1, 0, 0, 0, 0, 0, 0, 0
fail_sum: 0, 0, 0, 0, 0, 0, 0, 0, 0, 0, 0, 0, 0, 0, 0, 0, 0, 0, 0, 0, 0, 0, 0, 0
bett_sum: 1, 0, 0, 0, 0, 0, 0, 0, 0, 0, 0, 0, 0, 0, 0, 0, 0, 0, 0, 0, 0, 0, 0, 0

succ_sum: 0, 0, 1, 1, 2, 2, 0, 2, 2, 2, 0, 1, 0, 1, 2, 3, 1, 0, 0, 0, 0, 0, 0, 0
fail_sum: 0, 0, 0, 0, 0, 0, 0, 0, 0, 0, 0, 0, 0, 0, 0, 0, 0, 0, 0, 0, 0, 0, 0, 0
bett_sum: 1, 0, 0, 0, 0, 0, 0, 0, 0, 0, 0, 0, 0, 0, 0, 0, 0, 0, 0, 0, 0, 0, 0, 0

succ_sum: 0, 0, 1, 1, 2, 2, 0, 2, 2, 2, 0, 2, 0, 1, 2, 3, 1, 0, 0, 0, 0, 0, 0, 0
fail_sum: 0, 0, 0, 0, 0, 0, 0, 0, 0, 0, 0, 0, 0, 0, 0, 0, 0, 0, 0, 0, 0, 0, 0, 0
bett_sum: 1, 0, 0, 0, 0, 0, 0, 0, 0, 0, 0, 0, 0, 0, 0, 0, 0, 0, 0, 0, 0, 0, 0, 0

succ_sum: 0, 0, 1, 1, 2, 2, 0, 2, 3, 2, 0, 2, 0, 1, 2, 3, 1, 0, 0, 0, 0, 0, 0, 0
fail_sum: 0, 0, 0, 0, 0, 0, 0, 0, 0, 0, 0, 0, 0, 0, 0, 0, 0, 0, 0, 0, 0, 0, 0, 0
bett_sum: 1, 0, 0, 0, 0, 0, 0, 0, 0, 0, 0, 0, 0, 0, 0, 0, 0, 0, 0, 0, 0, 0, 0, 0

succ_sum: 0, 0, 1, 1, 2, 2, 0, 2, 3, 2, 0, 2, 0, 1, 2, 4, 1, 0, 0, 0, 0, 0, 0, 0
fail_sum: 0, 0, 0, 0, 0, 0, 0, 0, 0, 0, 0, 0, 0, 0, 0, 0, 0, 0, 0, 0, 0, 0, 0, 0
bett_sum: 1, 0, 0, 0, 0, 0, 0, 0, 0, 0, 0, 0, 0, 0, 0, 0, 0, 0, 0, 0, 0, 0, 0, 0

succ_sum: 0, 0, 1, 2, 2, 2, 0, 2, 3, 2, 0, 2, 0, 1, 2, 4, 1, 0, 0, 0, 0, 0, 0, 0
fail_sum: 0, 0, 0, 0, 0, 0, 0, 0, 0, 0, 0, 0, 0, 0, 0, 0, 0, 0, 0, 0, 0, 0, 0, 0
bett_sum: 1, 0, 0, 0, 0, 0, 0, 0, 0, 0, 0, 0, 0, 0, 0, 0, 0, 0, 0, 0, 0, 0, 0, 0

succ_sum: 0, 0, 2, 2, 2, 2, 0, 2, 3, 2, 0, 2, 0, 1, 2, 4, 1, 0, 0, 0, 0, 0, 0, 0
fail_sum: 0, 0, 0, 0, 0, 0, 0, 0, 0, 0, 0, 0, 0, 0, 0, 0, 0, 0, 0, 0, 0, 0, 0, 0
bett_sum: 1, 0, 0, 0, 0, 0, 0, 0, 0, 0, 0, 0, 0, 0, 0, 0, 0, 0, 0, 0, 0, 0, 0, 0

succ_sum: 0, 0, 2, 2, 2, 2, 0, 2, 3, 2, 0, 2, 0, 1, 2, 4, 2, 0, 0, 0, 0, 0, 0, 0
fail_sum: 0, 0, 0, 0, 0, 0, 0, 0, 0, 0, 0, 0, 0, 0, 0, 0, 0, 0, 0, 0, 0, 0, 0, 0
bett_sum: 1, 0, 0, 0, 0, 0, 0, 0, 0, 0, 0, 0, 0, 0, 0, 0, 0, 0, 0, 0, 0, 0, 0, 0

succ_sum: 0, 0, 2, 3, 2, 2, 0, 2, 3, 2, 0, 2, 0, 1, 2, 4, 2, 0, 0, 0, 0, 0, 0, 0
fail_sum: 0, 0, 0, 0, 0, 0, 0, 0, 0, 0, 0, 0, 0, 0, 0, 0, 0, 0, 0, 0, 0, 0, 0, 0
bett_sum: 1, 0, 0, 0, 0, 0, 0, 0, 0, 0, 0, 0, 0, 0, 0, 0, 0, 0, 0, 0, 0, 0, 0, 0

succ_sum: 0, 0, 2, 3, 2, 2, 0, 2, 3, 2, 0, 2, 0, 1, 2, 4, 3, 0, 0, 0, 0, 0, 0, 0
fail_sum: 0, 0, 0, 0, 0, 0, 0, 0, 0, 0, 0, 0, 0, 0, 0, 0, 0, 0, 0, 0, 0, 0, 0, 0
bett_sum: 1, 0, 0, 0, 0, 0, 0, 0, 0, 0, 0, 0, 0, 0, 0, 0, 0, 0, 0, 0, 0, 0, 0, 0

succ_sum: 0, 0, 2, 3, 2, 2, 0, 2, 3, 2, 0, 3, 0, 1, 2, 4, 3, 0, 0, 0, 0, 0, 0, 0
fail_sum: 0, 0, 0, 0, 0, 0, 0, 0, 0, 0, 0, 0, 0, 0, 0, 0, 0, 0, 0, 0, 0, 0, 0, 0
bett_sum: 1, 0, 0, 0, 0, 0, 0, 0, 0, 0, 0, 0, 0, 0, 0, 0, 0, 0, 0, 0, 0, 0, 0, 0

succ_sum: 0, 0, 2, 3, 2, 2, 0, 2, 3, 2, 0, 4, 0, 1, 2, 4, 3, 0, 0, 0, 0, 0, 0, 0
fail_sum: 0, 0, 0, 0, 0, 0, 0, 0, 0, 0, 0, 0, 0, 0, 0, 0, 0, 0, 0, 0, 0, 0, 0, 0
bett_sum: 1, 0, 0, 0, 0, 0, 0, 0, 0, 0, 0, 0, 0, 0, 0, 0, 0, 0, 0, 0, 0, 0, 0, 0

succ_sum: 0, 0, 2, 3, 2, 2, 0, 2, 3, 2, 0, 4, 0, 1, 2, 5, 3, 0, 0, 0, 0, 0, 0, 0
fail_sum: 0, 0, 0, 0, 0, 0, 0, 0, 0, 0, 0, 0, 0, 0, 0, 0, 0, 0, 0, 0, 0, 0, 0, 0
bett_sum: 1, 0, 0, 0, 0, 0, 0, 0, 0, 0, 0, 0, 0, 0, 0, 0, 0, 0, 0, 0, 0, 0, 0, 0

succ_sum: 0, 0, 2, 3, 2, 2, 0, 3, 3, 2, 0, 4, 0, 1, 2, 5, 3, 0, 0, 0, 0, 0, 0, 0
fail_sum: 0, 0, 0, 0, 0, 0, 0, 0, 0, 0, 0, 0, 0, 0, 0, 0, 0, 0, 0, 0, 0, 0, 0, 0
bett_sum: 1, 0, 0, 0, 0, 0, 0, 0, 0, 0, 0, 0, 0, 0, 0, 0, 0, 0, 0, 0, 0, 0, 0, 0

succ_sum: 0, 0, 2, 3, 2, 2, 0, 3, 3, 2, 0, 5, 0, 1, 2, 5, 3, 0, 0, 0, 0, 0, 0, 0
fail_sum: 0, 0, 0, 0, 0, 0, 0, 0, 0, 0, 0, 0, 0, 0, 0, 0, 0, 0, 0, 0, 0, 0, 0, 0
bett_sum: 1, 0, 0, 0, 0, 0, 0, 0, 0, 0, 0, 0, 0, 0, 0, 0, 0, 0, 0, 0, 0, 0, 0, 0

succ_sum: 0, 0, 2, 4, 2, 2, 0, 3, 3, 2, 0, 5, 0, 1, 2, 5, 3, 0, 0, 0, 0, 0, 0, 0
fail_sum: 0, 0, 0, 0, 0, 0, 0, 0, 0, 0, 0, 0, 0, 0, 0, 0, 0, 0, 0, 0, 0, 0, 0, 0
bett_sum: 1, 0, 0, 0, 0, 0, 0, 0, 0, 0, 0, 0, 0, 0, 0, 0, 0, 0, 0, 0, 0, 0, 0, 0

succ_sum: 0, 0, 3, 4, 2, 2, 0, 3, 3, 2, 0, 5, 0, 1, 2, 5, 3, 0, 0, 0, 0, 0, 0, 0
fail_sum: 0, 0, 0, 0, 0, 0, 0, 0, 0, 0, 0, 0, 0, 0, 0, 0, 0, 0, 0, 0, 0, 0, 0, 0
bett_sum: 1, 0, 0, 0, 0, 0, 0, 0, 0, 0, 0, 0, 0, 0, 0, 0, 0, 0, 0, 0, 0, 0, 0, 0

succ_sum: 0, 0, 3, 4, 2, 2, 0, 4, 3, 2, 0, 5, 0, 1, 2, 5, 3, 0, 0, 0, 0, 0, 0, 0
fail_sum: 0, 0, 0, 0, 0, 0, 0, 0, 0, 0, 0, 0, 0, 0, 0, 0, 0, 0, 0, 0, 0, 0, 0, 0
bett_sum: 1, 0, 0, 0, 0, 0, 0, 0, 0, 0, 0, 0, 0, 0, 0, 0, 0, 0, 0, 0, 0, 0, 0, 0

succ_sum: 0, 0, 3, 4, 2, 3, 0, 4, 3, 2, 0, 5, 0, 1, 2, 5, 3, 0, 0, 0, 0, 0, 0, 0
fail_sum: 0, 0, 0, 0, 0, 0, 0, 0, 0, 0, 0, 0, 0, 0, 0, 0, 0, 0, 0, 0, 0, 0, 0, 0
bett_sum: 1, 0, 0, 0, 0, 0, 0, 0, 0, 0, 0, 0, 0, 0, 0, 0, 0, 0, 0, 0, 0, 0, 0, 0

succ_sum: 0, 0, 3, 4, 2, 3, 0, 4, 3, 2, 0, 5, 0, 2, 2, 5, 3, 0, 0, 0, 0, 0, 0, 0
fail_sum: 0, 0, 0, 0, 0, 0, 0, 0, 0, 0, 0, 0, 0, 0, 0, 0, 0, 0, 0, 0, 0, 0, 0, 0
bett_sum: 1, 0, 0, 0, 0, 0, 0, 0, 0, 0, 0, 0, 0, 0, 0, 0, 0, 0, 0, 0, 0, 0, 0, 0

succ_sum: 0, 0, 3, 4, 2, 3, 0, 4, 3, 2, 0, 5, 0, 3, 2, 5, 3, 0, 0, 0, 0, 0, 0, 0
fail_sum: 0, 0, 0, 0, 0, 0, 0, 0, 0, 0, 0, 0, 0, 0, 0, 0, 0, 0, 0, 0, 0, 0, 0, 0
bett_sum: 1, 0, 0, 0, 0, 0, 0, 0, 0, 0, 0, 0, 0, 0, 0, 0, 0, 0, 0, 0, 0, 0, 0, 0

succ_sum: 0, 0, 3, 4, 2, 3, 0, 4, 3, 2, 0, 5, 0, 3, 2, 6, 3, 0, 0, 0, 0, 0, 0, 0
fail_sum: 0, 0, 0, 0, 0, 0, 0, 0, 0, 0, 0, 0, 0, 0, 0, 0, 0, 0, 0, 0, 0, 0, 0, 0
bett_sum: 1, 0, 0, 0, 0, 0, 0, 0, 0, 0, 0, 0, 0, 0, 0, 0, 0, 0, 0, 0, 0, 0, 0, 0

succ_sum: 0, 0, 3, 4, 2, 3, 0, 4, 3, 2, 0, 5, 0, 3, 2, 6, 3, 0, 0, 1, 0, 0, 0, 0
fail_sum: 0, 0, 0, 0, 0, 0, 0, 0, 0, 0, 0, 0, 0, 0, 0, 0, 0, 0, 0, 0, 0, 0, 0, 0
bett_sum: 1, 0, 0, 0, 0, 0, 0, 0, 0, 0, 0, 0, 0, 0, 0, 0, 0, 0, 0, 0, 0, 0, 0, 0

succ_sum: 0, 0, 3, 4, 2, 4, 0, 4, 3, 2, 0, 5, 0, 3, 2, 6, 3, 0, 0, 1, 0, 0, 0, 0
fail_sum: 0, 0, 0, 0, 0, 0, 0, 0, 0, 0, 0, 0, 0, 0, 0, 0, 0, 0, 0, 0, 0, 0, 0, 0
bett_sum: 1, 0, 0, 0, 0, 0, 0, 0, 0, 0, 0, 0, 0, 0, 0, 0, 0, 0, 0, 0, 0, 0, 0, 0

succ_sum: 0, 0, 4, 4, 2, 4, 0, 4, 3, 2, 0, 5, 0, 3, 2, 6, 3, 0, 0, 1, 0, 0, 0, 0
fail_sum: 0, 0, 0, 0, 0, 0, 0, 0, 0, 0, 0, 0, 0, 0, 0, 0, 0, 0, 0, 0, 0, 0, 0, 0
bett_sum: 1, 0, 0, 0, 0, 0, 0, 0, 0, 0, 0, 0, 0, 0, 0, 0, 0, 0, 0, 0, 0, 0, 0, 0

succ_sum: 0, 0, 4, 4, 2, 4, 0, 4, 3, 2, 0, 5, 0, 3, 3, 6, 3, 0, 0, 1, 0, 0, 0, 0
fail_sum: 0, 0, 0, 0, 0, 0, 0, 0, 0, 0, 0, 0, 0, 0, 0, 0, 0, 0, 0, 0, 0, 0, 0, 0
bett_sum: 1, 0, 0, 0, 0, 0, 0, 0, 0, 0, 0, 0, 0, 0, 0, 0, 0, 0, 0, 0, 0, 0, 0, 0

succ_sum: 0, 0, 4, 5, 2, 4, 0, 4, 3, 2, 0, 5, 0, 3, 3, 6, 3, 0, 0, 1, 0, 0, 0, 0
fail_sum: 0, 0, 0, 0, 0, 0, 0, 0, 0, 0, 0, 0, 0, 0, 0, 0, 0, 0, 0, 0, 0, 0, 0, 0
bett_sum: 1, 0, 0, 0, 0, 0, 0, 0, 0, 0, 0, 0, 0, 0, 0, 0, 0, 0, 0, 0, 0, 0, 0, 0

succ_sum: 0, 0, 4, 5, 2, 4, 0, 4, 3, 2, 0, 6, 0, 3, 3, 6, 3, 0, 0, 1, 0, 0, 0, 0
fail_sum: 0, 0, 0, 0, 0, 0, 0, 0, 0, 0, 0, 0, 0, 0, 0, 0, 0, 0, 0, 0, 0, 0, 0, 0
bett_sum: 1, 0, 0, 0, 0, 0, 0, 0, 0, 0, 0, 0, 0, 0, 0, 0, 0, 0, 0, 0, 0, 0, 0, 0

succ_sum: 0, 0, 4, 5, 2, 4, 0, 4, 3, 2, 0, 6, 0, 3, 4, 6, 3, 0, 0, 1, 0, 0, 0, 0
fail_sum: 0, 0, 0, 0, 0, 0, 0, 0, 0, 0, 0, 0, 0, 0, 0, 0, 0, 0, 0, 0, 0, 0, 0, 0
bett_sum: 1, 0, 0, 0, 0, 0, 0, 0, 0, 0, 0, 0, 0, 0, 0, 0, 0, 0, 0, 0, 0, 0, 0, 0

succ_sum: 0, 0, 4, 5, 2, 4, 0, 4, 3, 2, 0, 6, 0, 3, 4, 6, 3, 0, 0, 2, 0, 0, 0, 0
fail_sum: 0, 0, 0, 0, 0, 0, 0, 0, 0, 0, 0, 0, 0, 0, 0, 0, 0, 0, 0, 0, 0, 0, 0, 0
bett_sum: 1, 0, 0, 0, 0, 0, 0, 0, 0, 0, 0, 0, 0, 0, 0, 0, 0, 0, 0, 0, 0, 0, 0, 0

succ_sum: 0, 0, 4, 5, 2, 4, 0, 4, 3, 2, 0, 6, 0, 3, 5, 6, 3, 0, 0, 2, 0, 0, 0, 0
fail_sum: 0, 0, 0, 0, 0, 0, 0, 0, 0, 0, 0, 0, 0, 0, 0, 0, 0, 0, 0, 0, 0, 0, 0, 0
bett_sum: 1, 0, 0, 0, 0, 0, 0, 0, 0, 0, 0, 0, 0, 0, 0, 0, 0, 0, 0, 0, 0, 0, 0, 0

succ_sum: 0, 0, 4, 5, 2, 4, 0, 4, 3, 2, 0, 6, 0, 3, 6, 6, 3, 0, 0, 2, 0, 0, 0, 0
fail_sum: 0, 0, 0, 0, 0, 0, 0, 0, 0, 0, 0, 0, 0, 0, 0, 0, 0, 0, 0, 0, 0, 0, 0, 0
bett_sum: 1, 0, 0, 0, 0, 0, 0, 0, 0, 0, 0, 0, 0, 0, 0, 0, 0, 0, 0, 0, 0, 0, 0, 0

succ_sum: 0, 0, 4, 5, 2, 4, 0, 4, 3, 2, 0, 7, 0, 3, 6, 6, 3, 0, 0, 2, 0, 0, 0, 0
fail_sum: 0, 0, 0, 0, 0, 0, 0, 0, 0, 0, 0, 0, 0, 0, 0, 0, 0, 0, 0, 0, 0, 0, 0, 0
bett_sum: 1, 0, 0, 0, 0, 0, 0, 0, 0, 0, 0, 0, 0, 0, 0, 0, 0, 0, 0, 0, 0, 0, 0, 0

succ_sum: 0, 0, 4, 5, 2, 4, 0, 4, 3, 2, 0, 7, 1, 3, 6, 6, 3, 0, 0, 2, 0, 0, 0, 0
fail_sum: 0, 0, 0, 0, 0, 0, 0, 0, 0, 0, 0, 0, 0, 0, 0, 0, 0, 0, 0, 0, 0, 0, 0, 0
bett_sum: 1, 0, 0, 0, 0, 0, 0, 0, 0, 0, 0, 0, 0, 0, 0, 0, 0, 0, 0, 0, 0, 0, 0, 0

succ_sum: 0, 0, 4, 5, 2, 4, 0, 5, 3, 2, 0, 7, 1, 3, 6, 6, 3, 0, 0, 2, 0, 0, 0, 0
fail_sum: 0, 0, 0, 0, 0, 0, 0, 0, 0, 0, 0, 0, 0, 0, 0, 0, 0, 0, 0, 0, 0, 0, 0, 0
bett_sum: 1, 0, 0, 0, 0, 0, 0, 0, 0, 0, 0, 0, 0, 0, 0, 0, 0, 0, 0, 0, 0, 0, 0, 0

succ_sum: 0, 0, 4, 5, 2, 4, 0, 6, 3, 2, 0, 7, 1, 3, 6, 6, 3, 0, 0, 2, 0, 0, 0, 0
fail_sum: 0, 0, 0, 0, 0, 0, 0, 0, 0, 0, 0, 0, 0, 0, 0, 0, 0, 0, 0, 0, 0, 0, 0, 0
bett_sum: 1, 0, 0, 0, 0, 0, 0, 0, 0, 0, 0, 0, 0, 0, 0, 0, 0, 0, 0, 0, 0, 0, 0, 0

succ_sum: 0, 0, 4, 5, 2, 4, 1, 6, 3, 2, 0, 7, 1, 3, 6, 6, 3, 0, 0, 2, 0, 0, 0, 0
fail_sum: 0, 0, 0, 0, 0, 0, 0, 0, 0, 0, 0, 0, 0, 0, 0, 0, 0, 0, 0, 0, 0, 0, 0, 0
bett_sum: 1, 0, 0, 0, 0, 0, 0, 0, 0, 0, 0, 0, 0, 0, 0, 0, 0, 0, 0, 0, 0, 0, 0, 0

succ_sum: 0, 0, 4, 5, 2, 4, 1, 6, 4, 2, 0, 7, 1, 3, 6, 6, 3, 0, 0, 2, 0, 0, 0, 0
fail_sum: 0, 0, 0, 0, 0, 0, 0, 0, 0, 0, 0, 0, 0, 0, 0, 0, 0, 0, 0, 0, 0, 0, 0, 0
bett_sum: 1, 0, 0, 0, 0, 0, 0, 0, 0, 0, 0, 0, 0, 0, 0, 0, 0, 0, 0, 0, 0, 0, 0, 0

succ_sum: 0, 0, 4, 5, 2, 4, 1, 6, 4, 2, 0, 7, 1, 3, 7, 6, 3, 0, 0, 2, 0, 0, 0, 0
fail_sum: 0, 0, 0, 0, 0, 0, 0, 0, 0, 0, 0, 0, 0, 0, 0, 0, 0, 0, 0, 0, 0, 0, 0, 0
bett_sum: 1, 0, 0, 0, 0, 0, 0, 0, 0, 0, 0, 0, 0, 0, 0, 0, 0, 0, 0, 0, 0, 0, 0, 0

succ_sum: 0, 0, 4, 5, 2, 4, 1, 6, 4, 2, 0, 7, 1, 4, 7, 6, 3, 0, 0, 2, 0, 0, 0, 0
fail_sum: 0, 0, 0, 0, 0, 0, 0, 0, 0, 0, 0, 0, 0, 0, 0, 0, 0, 0, 0, 0, 0, 0, 0, 0
bett_sum: 1, 0, 0, 0, 0, 0, 0, 0, 0, 0, 0, 0, 0, 0, 0, 0, 0, 0, 0, 0, 0, 0, 0, 0

succ_sum: 0, 0, 4, 5, 2, 4, 1, 6, 4, 3, 0, 7, 1, 4, 7, 6, 3, 0, 0, 2, 0, 0, 0, 0
fail_sum: 0, 0, 0, 0, 0, 0, 0, 0, 0, 0, 0, 0, 0, 0, 0, 0, 0, 0, 0, 0, 0, 0, 0, 0
bett_sum: 1, 0, 0, 0, 0, 0, 0, 0, 0, 0, 0, 0, 0, 0, 0, 0, 0, 0, 0, 0, 0, 0, 0, 0

succ_sum: 0, 0, 4, 5, 2, 4, 1, 6, 4, 3, 0, 7, 1, 4, 7, 6, 3, 1, 0, 2, 0, 0, 0, 0
fail_sum: 0, 0, 0, 0, 0, 0, 0, 0, 0, 0, 0, 0, 0, 0, 0, 0, 0, 0, 0, 0, 0, 0, 0, 0
bett_sum: 1, 0, 0, 0, 0, 0, 0, 0, 0, 0, 0, 0, 0, 0, 0, 0, 0, 0, 0, 0, 0, 0, 0, 0

succ_sum: 0, 0, 4, 5, 3, 4, 1, 6, 4, 3, 0, 7, 1, 4, 7, 6, 3, 1, 0, 2, 0, 0, 0, 0
fail_sum: 0, 0, 0, 0, 0, 0, 0, 0, 0, 0, 0, 0, 0, 0, 0, 0, 0, 0, 0, 0, 0, 0, 0, 0
bett_sum: 1, 0, 0, 0, 0, 0, 0, 0, 0, 0, 0, 0, 0, 0, 0, 0, 0, 0, 0, 0, 0, 0, 0, 0

succ_sum: 0, 0, 4, 5, 4, 4, 1, 6, 4, 3, 0, 7, 1, 4, 7, 6, 3, 1, 0, 2, 0, 0, 0, 0
fail_sum: 0, 0, 0, 0, 0, 0, 0, 0, 0, 0, 0, 0, 0, 0, 0, 0, 0, 0, 0, 0, 0, 0, 0, 0
bett_sum: 1, 0, 0, 0, 0, 0, 0, 0, 0, 0, 0, 0, 0, 0, 0, 0, 0, 0, 0, 0, 0, 0, 0, 0

succ_sum: 0, 0, 4, 5, 4, 4, 1, 6, 4, 3, 0, 7, 1, 5, 7, 6, 3, 1, 0, 2, 0, 0, 0, 0
fail_sum: 0, 0, 0, 0, 0, 0, 0, 0, 0, 0, 0, 0, 0, 0, 0, 0, 0, 0, 0, 0, 0, 0, 0, 0
bett_sum: 1, 0, 0, 0, 0, 0, 0, 0, 0, 0, 0, 0, 0, 0, 0, 0, 0, 0, 0, 0, 0, 0, 0, 0

succ_sum: 0, 0, 4, 5, 4, 4, 1, 6, 4, 3, 0, 7, 1, 5, 7, 6, 4, 1, 0, 2, 0, 0, 0, 0
fail_sum: 0, 0, 0, 0, 0, 0, 0, 0, 0, 0, 0, 0, 0, 0, 0, 0, 0, 0, 0, 0, 0, 0, 0, 0
bett_sum: 1, 0, 0, 0, 0, 0, 0, 0, 0, 0, 0, 0, 0, 0, 0, 0, 0, 0, 0, 0, 0, 0, 0, 0

succ_sum: 0, 0, 4, 5, 4, 4, 1, 6, 5, 3, 0, 7, 1, 5, 7, 6, 4, 1, 0, 2, 0, 0, 0, 0
fail_sum: 0, 0, 0, 0, 0, 0, 0, 0, 0, 0, 0, 0, 0, 0, 0, 0, 0, 0, 0, 0, 0, 0, 0, 0
bett_sum: 1, 0, 0, 0, 0, 0, 0, 0, 0, 0, 0, 0, 0, 0, 0, 0, 0, 0, 0, 0, 0, 0, 0, 0

succ_sum: 0, 0, 4, 5, 4, 5, 1, 6, 5, 3, 0, 7, 1, 5, 7, 6, 4, 1, 0, 2, 0, 0, 0, 0
fail_sum: 0, 0, 0, 0, 0, 0, 0, 0, 0, 0, 0, 0, 0, 0, 0, 0, 0, 0, 0, 0, 0, 0, 0, 0
bett_sum: 1, 0, 0, 0, 0, 0, 0, 0, 0, 0, 0, 0, 0, 0, 0, 0, 0, 0, 0, 0, 0, 0, 0, 0

succ_sum: 0, 0, 4, 5, 4, 5, 1, 6, 5, 3, 1, 7, 1, 5, 7, 6, 4, 1, 0, 2, 0, 0, 0, 0
fail_sum: 0, 0, 0, 0, 0, 0, 0, 0, 0, 0, 0, 0, 0, 0, 0, 0, 0, 0, 0, 0, 0, 0, 0, 0
bett_sum: 1, 0, 0, 0, 0, 0, 0, 0, 0, 0, 0, 0, 0, 0, 0, 0, 0, 0, 0, 0, 0, 0, 0, 0

succ_sum: 0, 0, 4, 5, 4, 5, 1, 6, 5, 3, 1, 7, 1, 5, 7, 7, 4, 1, 0, 2, 0, 0, 0, 0
fail_sum: 0, 0, 0, 0, 0, 0, 0, 0, 0, 0, 0, 0, 0, 0, 0, 0, 0, 0, 0, 0, 0, 0, 0, 0
bett_sum: 1, 0, 0, 0, 0, 0, 0, 0, 0, 0, 0, 0, 0, 0, 0, 0, 0, 0, 0, 0, 0, 0, 0, 0

succ_sum: 0, 0, 4, 5, 4, 5, 1, 7, 5, 3, 1, 7, 1, 5, 7, 7, 4, 1, 0, 2, 0, 0, 0, 0
fail_sum: 0, 0, 0, 0, 0, 0, 0, 0, 0, 0, 0, 0, 0, 0, 0, 0, 0, 0, 0, 0, 0, 0, 0, 0
bett_sum: 1, 0, 0, 0, 0, 0, 0, 0, 0, 0, 0, 0, 0, 0, 0, 0, 0, 0, 0, 0, 0, 0, 0, 0

succ_sum: 0, 0, 4, 5, 4, 5, 1, 7, 5, 4, 1, 7, 1, 5, 7, 7, 4, 1, 0, 2, 0, 0, 0, 0
fail_sum: 0, 0, 0, 0, 0, 0, 0, 0, 0, 0, 0, 0, 0, 0, 0, 0, 0, 0, 0, 0, 0, 0, 0, 0
bett_sum: 1, 0, 0, 0, 0, 0, 0, 0, 0, 0, 0, 0, 0, 0, 0, 0, 0, 0, 0, 0, 0, 0, 0, 0

succ_sum: 0, 0, 4, 5, 4, 5, 1, 7, 5, 4, 2, 7, 1, 5, 7, 7, 4, 1, 0, 2, 0, 0, 0, 0
fail_sum: 0, 0, 0, 0, 0, 0, 0, 0, 0, 0, 0, 0, 0, 0, 0, 0, 0, 0, 0, 0, 0, 0, 0, 0
bett_sum: 1, 0, 0, 0, 0, 0, 0, 0, 0, 0, 0, 0, 0, 0, 0, 0, 0, 0, 0, 0, 0, 0, 0, 0

succ_sum: 0, 0, 4, 5, 4, 5, 1, 7, 5, 4, 2, 7, 1, 5, 7, 8, 4, 1, 0, 2, 0, 0, 0, 0
fail_sum: 0, 0, 0, 0, 0, 0, 0, 0, 0, 0, 0, 0, 0, 0, 0, 0, 0, 0, 0, 0, 0, 0, 0, 0
bett_sum: 1, 0, 0, 0, 0, 0, 0, 0, 0, 0, 0, 0, 0, 0, 0, 0, 0, 0, 0, 0, 0, 0, 0, 0

succ_sum: 0, 0, 4, 5, 4, 5, 1, 7, 5, 4, 2, 7, 1, 5, 7, 8, 4, 1, 0, 2, 0, 0, 0, 1
fail_sum: 0, 0, 0, 0, 0, 0, 0, 0, 0, 0, 0, 0, 0, 0, 0, 0, 0, 0, 0, 0, 0, 0, 0, 0
bett_sum: 1, 0, 0, 0, 0, 0, 0, 0, 0, 0, 0, 0, 0, 0, 0, 0, 0, 0, 0, 0, 0, 0, 0, 0

succ_sum: 0, 0, 4, 5, 4, 5, 1, 7, 5, 4, 2, 7, 1, 5, 7, 9, 4, 1, 0, 2, 0, 0, 0, 1
fail_sum: 0, 0, 0, 0, 0, 0, 0, 0, 0, 0, 0, 0, 0, 0, 0, 0, 0, 0, 0, 0, 0, 0, 0, 0
bett_sum: 1, 0, 0, 0, 0, 0, 0, 0, 0, 0, 0, 0, 0, 0, 0, 0, 0, 0, 0, 0, 0, 0, 0, 0

succ_sum: 0, 0, 4, 5, 4, 5, 1, 7, 5, 4, 2, 7, 1, 5, 7,10, 4, 1, 0, 2, 0, 0, 0, 1
fail_sum: 0, 0, 0, 0, 0, 0, 0, 0, 0, 0, 0, 0, 0, 0, 0, 0, 0, 0, 0, 0, 0, 0, 0, 0
bett_sum: 1, 0, 0, 0, 0, 0, 0, 0, 0, 0, 0, 0, 0, 0, 0, 0, 0, 0, 0, 0, 0, 0, 0, 0

succ_sum: 0, 0, 4, 5, 4, 5, 1, 7, 5, 4, 2, 7, 1, 5, 7,10, 5, 1, 0, 2, 0, 0, 0, 1
fail_sum: 0, 0, 0, 0, 0, 0, 0, 0, 0, 0, 0, 0, 0, 0, 0, 0, 0, 0, 0, 0, 0, 0, 0, 0
bett_sum: 1, 0, 0, 0, 0, 0, 0, 0, 0, 0, 0, 0, 0, 0, 0, 0, 0, 0, 0, 0, 0, 0, 0, 0

succ_sum: 0, 0, 4, 5, 4, 5, 1, 7, 5, 5, 2, 7, 1, 5, 7,10, 5, 1, 0, 2, 0, 0, 0, 1
fail_sum: 0, 0, 0, 0, 0, 0, 0, 0, 0, 0, 0, 0, 0, 0, 0, 0, 0, 0, 0, 0, 0, 0, 0, 0
bett_sum: 1, 0, 0, 0, 0, 0, 0, 0, 0, 0, 0, 0, 0, 0, 0, 0, 0, 0, 0, 0, 0, 0, 0, 0

succ_sum: 0, 0, 4, 5, 4, 5, 1, 7, 5, 5, 2, 8, 1, 5, 7,10, 5, 1, 0, 2, 0, 0, 0, 1
fail_sum: 0, 0, 0, 0, 0, 0, 0, 0, 0, 0, 0, 0, 0, 0, 0, 0, 0, 0, 0, 0, 0, 0, 0, 0
bett_sum: 1, 0, 0, 0, 0, 0, 0, 0, 0, 0, 0, 0, 0, 0, 0, 0, 0, 0, 0, 0, 0, 0, 0, 0

succ_sum: 0, 0, 4, 5, 4, 5, 1, 7, 5, 5, 2, 8, 1, 5, 7,10, 5, 1, 0, 2, 0, 0, 1, 1
fail_sum: 0, 0, 0, 0, 0, 0, 0, 0, 0, 0, 0, 0, 0, 0, 0, 0, 0, 0, 0, 0, 0, 0, 0, 0
bett_sum: 1, 0, 0, 0, 0, 0, 0, 0, 0, 0, 0, 0, 0, 0, 0, 0, 0, 0, 0, 0, 0, 0, 0, 0

succ_sum: 0, 0, 4, 5, 4, 5, 2, 7, 5, 5, 2, 8, 1, 5, 7,10, 5, 1, 0, 2, 0, 0, 1, 1
fail_sum: 0, 0, 0, 0, 0, 0, 0, 0, 0, 0, 0, 0, 0, 0, 0, 0, 0, 0, 0, 0, 0, 0, 0, 0
bett_sum: 1, 0, 0, 0, 0, 0, 0, 0, 0, 0, 0, 0, 0, 0, 0, 0, 0, 0, 0, 0, 0, 0, 0, 0

succ_sum: 0, 0, 5, 5, 4, 5, 2, 7, 5, 5, 2, 8, 1, 5, 7,10, 5, 1, 0, 2, 0, 0, 1, 1
fail_sum: 0, 0, 0, 0, 0, 0, 0, 0, 0, 0, 0, 0, 0, 0, 0, 0, 0, 0, 0, 0, 0, 0, 0, 0
bett_sum: 1, 0, 0, 0, 0, 0, 0, 0, 0, 0, 0, 0, 0, 0, 0, 0, 0, 0, 0, 0, 0, 0, 0, 0

succ_sum: 0, 0, 5, 5, 5, 5, 2, 7, 5, 5, 2, 8, 1, 5, 7,10, 5, 1, 0, 2, 0, 0, 1, 1
fail_sum: 0, 0, 0, 0, 0, 0, 0, 0, 0, 0, 0, 0, 0, 0, 0, 0, 0, 0, 0, 0, 0, 0, 0, 0
bett_sum: 1, 0, 0, 0, 0, 0, 0, 0, 0, 0, 0, 0, 0, 0, 0, 0, 0, 0, 0, 0, 0, 0, 0, 0

succ_sum: 0, 0, 5, 5, 5, 5, 2, 7, 5, 5, 3, 8, 1, 5, 7,10, 5, 1, 0, 2, 0, 0, 1, 1
fail_sum: 0, 0, 0, 0, 0, 0, 0, 0, 0, 0, 0, 0, 0, 0, 0, 0, 0, 0, 0, 0, 0, 0, 0, 0
bett_sum: 1, 0, 0, 0, 0, 0, 0, 0, 0, 0, 0, 0, 0, 0, 0, 0, 0, 0, 0, 0, 0, 0, 0, 0

succ_sum: 0, 0, 5, 5, 5, 5, 2, 7, 5, 5, 3, 8, 1, 5, 8,10, 5, 1, 0, 2, 0, 0, 1, 1
fail_sum: 0, 0, 0, 0, 0, 0, 0, 0, 0, 0, 0, 0, 0, 0, 0, 0, 0, 0, 0, 0, 0, 0, 0, 0
bett_sum: 1, 0, 0, 0, 0, 0, 0, 0, 0, 0, 0, 0, 0, 0, 0, 0, 0, 0, 0, 0, 0, 0, 0, 0

succ_sum: 0, 0, 5, 5, 5, 5, 2, 7, 5, 5, 3, 8, 1, 5, 8,10, 5, 2, 0, 2, 0, 0, 1, 1
fail_sum: 0, 0, 0, 0, 0, 0, 0, 0, 0, 0, 0, 0, 0, 0, 0, 0, 0, 0, 0, 0, 0, 0, 0, 0
bett_sum: 1, 0, 0, 0, 0, 0, 0, 0, 0, 0, 0, 0, 0, 0, 0, 0, 0, 0, 0, 0, 0, 0, 0, 0

succ_sum: 0, 0, 5, 5, 5, 5, 2, 7, 5, 6, 3, 8, 1, 5, 8,10, 5, 2, 0, 2, 0, 0, 1, 1
fail_sum: 0, 0, 0, 0, 0, 0, 0, 0, 0, 0, 0, 0, 0, 0, 0, 0, 0, 0, 0, 0, 0, 0, 0, 0
bett_sum: 1, 0, 0, 0, 0, 0, 0, 0, 0, 0, 0, 0, 0, 0, 0, 0, 0, 0, 0, 0, 0, 0, 0, 0

succ_sum: 0, 0, 5, 5, 5, 5, 2, 7, 5, 6, 3, 8, 1, 5, 8,10, 6, 2, 0, 2, 0, 0, 1, 1
fail_sum: 0, 0, 0, 0, 0, 0, 0, 0, 0, 0, 0, 0, 0, 0, 0, 0, 0, 0, 0, 0, 0, 0, 0, 0
bett_sum: 1, 0, 0, 0, 0, 0, 0, 0, 0, 0, 0, 0, 0, 0, 0, 0, 0, 0, 0, 0, 0, 0, 0, 0

succ_sum: 0, 0, 5, 5, 5, 5, 2, 7, 5, 6, 3, 8, 1, 5, 8,10, 6, 2, 1, 2, 0, 0, 1, 1
fail_sum: 0, 0, 0, 0, 0, 0, 0, 0, 0, 0, 0, 0, 0, 0, 0, 0, 0, 0, 0, 0, 0, 0, 0, 0
bett_sum: 1, 0, 0, 0, 0, 0, 0, 0, 0, 0, 0, 0, 0, 0, 0, 0, 0, 0, 0, 0, 0, 0, 0, 0

succ_sum: 0, 0, 5, 5, 5, 5, 2, 7, 5, 6, 3, 8, 2, 5, 8,10, 6, 2, 1, 2, 0, 0, 1, 1
fail_sum: 0, 0, 0, 0, 0, 0, 0, 0, 0, 0, 0, 0, 0, 0, 0, 0, 0, 0, 0, 0, 0, 0, 0, 0
bett_sum: 1, 0, 0, 0, 0, 0, 0, 0, 0, 0, 0, 0, 0, 0, 0, 0, 0, 0, 0, 0, 0, 0, 0, 0

succ_sum: 0, 0, 5, 5, 5, 5, 2, 8, 5, 6, 3, 8, 2, 5, 8,10, 6, 2, 1, 2, 0, 0, 1, 1
fail_sum: 0, 0, 0, 0, 0, 0, 0, 0, 0, 0, 0, 0, 0, 0, 0, 0, 0, 0, 0, 0, 0, 0, 0, 0
bett_sum: 1, 0, 0, 0, 0, 0, 0, 0, 0, 0, 0, 0, 0, 0, 0, 0, 0, 0, 0, 0, 0, 0, 0, 0

succ_sum: 0, 0, 5, 5, 5, 5, 2, 8, 5, 6, 3, 8, 2, 5, 8,10, 6, 2, 1, 3, 0, 0, 1, 1
fail_sum: 0, 0, 0, 0, 0, 0, 0, 0, 0, 0, 0, 0, 0, 0, 0, 0, 0, 0, 0, 0, 0, 0, 0, 0
bett_sum: 1, 0, 0, 0, 0, 0, 0, 0, 0, 0, 0, 0, 0, 0, 0, 0, 0, 0, 0, 0, 0, 0, 0, 0

succ_sum: 0, 0, 5, 5, 5, 5, 2, 8, 5, 6, 3, 8, 2, 5, 8,10, 6, 2, 1, 3, 0, 1, 1, 1
fail_sum: 0, 0, 0, 0, 0, 0, 0, 0, 0, 0, 0, 0, 0, 0, 0, 0, 0, 0, 0, 0, 0, 0, 0, 0
bett_sum: 1, 0, 0, 0, 0, 0, 0, 0, 0, 0, 0, 0, 0, 0, 0, 0, 0, 0, 0, 0, 0, 0, 0, 0

succ_sum: 0, 0, 5, 5, 5, 5, 2, 8, 5, 6, 3, 8, 2, 5, 8,10, 6, 2, 1, 4, 0, 1, 1, 1
fail_sum: 0, 0, 0, 0, 0, 0, 0, 0, 0, 0, 0, 0, 0, 0, 0, 0, 0, 0, 0, 0, 0, 0, 0, 0
bett_sum: 1, 0, 0, 0, 0, 0, 0, 0, 0, 0, 0, 0, 0, 0, 0, 0, 0, 0, 0, 0, 0, 0, 0, 0

succ_sum: 0, 0, 5, 6, 5, 5, 2, 8, 5, 6, 3, 8, 2, 5, 8,10, 6, 2, 1, 4, 0, 1, 1, 1
fail_sum: 0, 0, 0, 0, 0, 0, 0, 0, 0, 0, 0, 0, 0, 0, 0, 0, 0, 0, 0, 0, 0, 0, 0, 0
bett_sum: 1, 0, 0, 0, 0, 0, 0, 0, 0, 0, 0, 0, 0, 0, 0, 0, 0, 0, 0, 0, 0, 0, 0, 0

succ_sum: 0, 0, 5, 6, 5, 6, 2, 8, 5, 6, 3, 8, 2, 5, 8,10, 6, 2, 1, 4, 0, 1, 1, 1
fail_sum: 0, 0, 0, 0, 0, 0, 0, 0, 0, 0, 0, 0, 0, 0, 0, 0, 0, 0, 0, 0, 0, 0, 0, 0
bett_sum: 1, 0, 0, 0, 0, 0, 0, 0, 0, 0, 0, 0, 0, 0, 0, 0, 0, 0, 0, 0, 0, 0, 0, 0

succ_sum: 0, 0, 5, 6, 5, 6, 2, 8, 5, 7, 3, 8, 2, 5, 8,10, 6, 2, 1, 4, 0, 1, 1, 1
fail_sum: 0, 0, 0, 0, 0, 0, 0, 0, 0, 0, 0, 0, 0, 0, 0, 0, 0, 0, 0, 0, 0, 0, 0, 0
bett_sum: 1, 0, 0, 0, 0, 0, 0, 0, 0, 0, 0, 0, 0, 0, 0, 0, 0, 0, 0, 0, 0, 0, 0, 0

succ_sum: 0, 0, 5, 6, 6, 6, 2, 8, 5, 7, 3, 8, 2, 5, 8,10, 6, 2, 1, 4, 0, 1, 1, 1
fail_sum: 0, 0, 0, 0, 0, 0, 0, 0, 0, 0, 0, 0, 0, 0, 0, 0, 0, 0, 0, 0, 0, 0, 0, 0
bett_sum: 1, 0, 0, 0, 0, 0, 0, 0, 0, 0, 0, 0, 0, 0, 0, 0, 0, 0, 0, 0, 0, 0, 0, 0

succ_sum: 0, 0, 5, 6, 6, 6, 2, 8, 5, 7, 3, 8, 2, 5, 8,10, 6, 2, 1, 4, 1, 1, 1, 1
fail_sum: 0, 0, 0, 0, 0, 0, 0, 0, 0, 0, 0, 0, 0, 0, 0, 0, 0, 0, 0, 0, 0, 0, 0, 0
bett_sum: 1, 0, 0, 0, 0, 0, 0, 0, 0, 0, 0, 0, 0, 0, 0, 0, 0, 0, 0, 0, 0, 0, 0, 0

succ_sum: 0, 0, 5, 7, 6, 6, 2, 8, 5, 7, 3, 8, 2, 5, 8,10, 6, 2, 1, 4, 1, 1, 1, 1
fail_sum: 0, 0, 0, 0, 0, 0, 0, 0, 0, 0, 0, 0, 0, 0, 0, 0, 0, 0, 0, 0, 0, 0, 0, 0
bett_sum: 1, 0, 0, 0, 0, 0, 0, 0, 0, 0, 0, 0, 0, 0, 0, 0, 0, 0, 0, 0, 0, 0, 0, 0

succ_sum: 0, 0, 5, 7, 6, 6, 3, 8, 5, 7, 3, 8, 2, 5, 8,10, 6, 2, 1, 4, 1, 1, 1, 1
fail_sum: 0, 0, 0, 0, 0, 0, 0, 0, 0, 0, 0, 0, 0, 0, 0, 0, 0, 0, 0, 0, 0, 0, 0, 0
bett_sum: 1, 0, 0, 0, 0, 0, 0, 0, 0, 0, 0, 0, 0, 0, 0, 0, 0, 0, 0, 0, 0, 0, 0, 0

succ_sum: 0, 0, 5, 7, 6, 6, 3, 8, 5, 7, 3, 8, 2, 5, 8,11, 6, 2, 1, 4, 1, 1, 1, 1
fail_sum: 0, 0, 0, 0, 0, 0, 0, 0, 0, 0, 0, 0, 0, 0, 0, 0, 0, 0, 0, 0, 0, 0, 0, 0
bett_sum: 1, 0, 0, 0, 0, 0, 0, 0, 0, 0, 0, 0, 0, 0, 0, 0, 0, 0, 0, 0, 0, 0, 0, 0

succ_sum: 0, 0, 5, 7, 7, 6, 3, 8, 5, 7, 3, 8, 2, 5, 8,11, 6, 2, 1, 4, 1, 1, 1, 1
fail_sum: 0, 0, 0, 0, 0, 0, 0, 0, 0, 0, 0, 0, 0, 0, 0, 0, 0, 0, 0, 0, 0, 0, 0, 0
bett_sum: 1, 0, 0, 0, 0, 0, 0, 0, 0, 0, 0, 0, 0, 0, 0, 0, 0, 0, 0, 0, 0, 0, 0, 0

succ_sum: 0, 0, 5, 7, 7, 6, 3, 8, 6, 7, 3, 8, 2, 5, 8,11, 6, 2, 1, 4, 1, 1, 1, 1
fail_sum: 0, 0, 0, 0, 0, 0, 0, 0, 0, 0, 0, 0, 0, 0, 0, 0, 0, 0, 0, 0, 0, 0, 0, 0
bett_sum: 1, 0, 0, 0, 0, 0, 0, 0, 0, 0, 0, 0, 0, 0, 0, 0, 0, 0, 0, 0, 0, 0, 0, 0

succ_sum: 0, 0, 5, 7, 7, 6, 3, 8, 6, 7, 3, 8, 2, 6, 8,11, 6, 2, 1, 4, 1, 1, 1, 1
fail_sum: 0, 0, 0, 0, 0, 0, 0, 0, 0, 0, 0, 0, 0, 0, 0, 0, 0, 0, 0, 0, 0, 0, 0, 0
bett_sum: 1, 0, 0, 0, 0, 0, 0, 0, 0, 0, 0, 0, 0, 0, 0, 0, 0, 0, 0, 0, 0, 0, 0, 0

succ_sum: 0, 0, 5, 8, 7, 6, 3, 8, 6, 7, 3, 8, 2, 6, 8,11, 6, 2, 1, 4, 1, 1, 1, 1
fail_sum: 0, 0, 0, 0, 0, 0, 0, 0, 0, 0, 0, 0, 0, 0, 0, 0, 0, 0, 0, 0, 0, 0, 0, 0
bett_sum: 1, 0, 0, 0, 0, 0, 0, 0, 0, 0, 0, 0, 0, 0, 0, 0, 0, 0, 0, 0, 0, 0, 0, 0

succ_sum: 0, 0, 5, 8, 7, 6, 3, 8, 6, 7, 3, 8, 2, 6, 8,11, 6, 2, 1, 4, 1, 1, 1, 2
fail_sum: 0, 0, 0, 0, 0, 0, 0, 0, 0, 0, 0, 0, 0, 0, 0, 0, 0, 0, 0, 0, 0, 0, 0, 0
bett_sum: 1, 0, 0, 0, 0, 0, 0, 0, 0, 0, 0, 0, 0, 0, 0, 0, 0, 0, 0, 0, 0, 0, 0, 0

succ_sum: 0, 0, 5, 9, 7, 6, 3, 8, 6, 7, 3, 8, 2, 6, 8,11, 6, 2, 1, 4, 1, 1, 1, 2
fail_sum: 0, 0, 0, 0, 0, 0, 0, 0, 0, 0, 0, 0, 0, 0, 0, 0, 0, 0, 0, 0, 0, 0, 0, 0
bett_sum: 1, 0, 0, 0, 0, 0, 0, 0, 0, 0, 0, 0, 0, 0, 0, 0, 0, 0, 0, 0, 0, 0, 0, 0

succ_sum: 0, 0, 5, 9, 7, 6, 3, 8, 6, 7, 3, 8, 2, 6, 8,12, 6, 2, 1, 4, 1, 1, 1, 2
fail_sum: 0, 0, 0, 0, 0, 0, 0, 0, 0, 0, 0, 0, 0, 0, 0, 0, 0, 0, 0, 0, 0, 0, 0, 0
bett_sum: 1, 0, 0, 0, 0, 0, 0, 0, 0, 0, 0, 0, 0, 0, 0, 0, 0, 0, 0, 0, 0, 0, 0, 0

succ_sum: 0, 0, 5, 9, 7, 6, 3, 8, 6, 7, 3, 8, 2, 6, 8,13, 6, 2, 1, 4, 1, 1, 1, 2
fail_sum: 0, 0, 0, 0, 0, 0, 0, 0, 0, 0, 0, 0, 0, 0, 0, 0, 0, 0, 0, 0, 0, 0, 0, 0
bett_sum: 1, 0, 0, 0, 0, 0, 0, 0, 0, 0, 0, 0, 0, 0, 0, 0, 0, 0, 0, 0, 0, 0, 0, 0

succ_sum: 0, 0, 5, 9, 7, 6, 3, 8, 6, 7, 3, 8, 2, 7, 8,13, 6, 2, 1, 4, 1, 1, 1, 2
fail_sum: 0, 0, 0, 0, 0, 0, 0, 0, 0, 0, 0, 0, 0, 0, 0, 0, 0, 0, 0, 0, 0, 0, 0, 0
bett_sum: 1, 0, 0, 0, 0, 0, 0, 0, 0, 0, 0, 0, 0, 0, 0, 0, 0, 0, 0, 0, 0, 0, 0, 0

succ_sum: 0, 0, 5, 9, 8, 6, 3, 8, 6, 7, 3, 8, 2, 7, 8,13, 6, 2, 1, 4, 1, 1, 1, 2
fail_sum: 0, 0, 0, 0, 0, 0, 0, 0, 0, 0, 0, 0, 0, 0, 0, 0, 0, 0, 0, 0, 0, 0, 0, 0
bett_sum: 1, 0, 0, 0, 0, 0, 0, 0, 0, 0, 0, 0, 0, 0, 0, 0, 0, 0, 0, 0, 0, 0, 0, 0

succ_sum: 0, 0, 5, 9, 8, 6, 3, 8, 6, 8, 3, 8, 2, 7, 8,13, 6, 2, 1, 4, 1, 1, 1, 2
fail_sum: 0, 0, 0, 0, 0, 0, 0, 0, 0, 0, 0, 0, 0, 0, 0, 0, 0, 0, 0, 0, 0, 0, 0, 0
bett_sum: 1, 0, 0, 0, 0, 0, 0, 0, 0, 0, 0, 0, 0, 0, 0, 0, 0, 0, 0, 0, 0, 0, 0, 0

succ_sum: 0, 0, 5, 9, 8, 6, 3, 8, 6, 8, 3, 8, 2, 7, 8,13, 6, 2, 2, 4, 1, 1, 1, 2
fail_sum: 0, 0, 0, 0, 0, 0, 0, 0, 0, 0, 0, 0, 0, 0, 0, 0, 0, 0, 0, 0, 0, 0, 0, 0
bett_sum: 1, 0, 0, 0, 0, 0, 0, 0, 0, 0, 0, 0, 0, 0, 0, 0, 0, 0, 0, 0, 0, 0, 0, 0

succ_sum: 0, 0, 5, 9, 9, 6, 3, 8, 6, 8, 3, 8, 2, 7, 8,13, 6, 2, 2, 4, 1, 1, 1, 2
fail_sum: 0, 0, 0, 0, 0, 0, 0, 0, 0, 0, 0, 0, 0, 0, 0, 0, 0, 0, 0, 0, 0, 0, 0, 0
bett_sum: 1, 0, 0, 0, 0, 0, 0, 0, 0, 0, 0, 0, 0, 0, 0, 0, 0, 0, 0, 0, 0, 0, 0, 0

succ_sum: 0, 0, 5,10, 9, 6, 3, 8, 6, 8, 3, 8, 2, 7, 8,13, 6, 2, 2, 4, 1, 1, 1, 2
fail_sum: 0, 0, 0, 0, 0, 0, 0, 0, 0, 0, 0, 0, 0, 0, 0, 0, 0, 0, 0, 0, 0, 0, 0, 0
bett_sum: 1, 0, 0, 0, 0, 0, 0, 0, 0, 0, 0, 0, 0, 0, 0, 0, 0, 0, 0, 0, 0, 0, 0, 0

succ_sum: 0, 0, 5,10, 9, 6, 3, 8, 6, 8, 3, 8, 2, 7, 8,14, 6, 2, 2, 4, 1, 1, 1, 2
fail_sum: 0, 0, 0, 0, 0, 0, 0, 0, 0, 0, 0, 0, 0, 0, 0, 0, 0, 0, 0, 0, 0, 0, 0, 0
bett_sum: 1, 0, 0, 0, 0, 0, 0, 0, 0, 0, 0, 0, 0, 0, 0, 0, 0, 0, 0, 0, 0, 0, 0, 0

succ_sum: 0, 0, 5,10, 9, 6, 3, 8, 6, 9, 3, 8, 2, 7, 8,14, 6, 2, 2, 4, 1, 1, 1, 2
fail_sum: 0, 0, 0, 0, 0, 0, 0, 0, 0, 0, 0, 0, 0, 0, 0, 0, 0, 0, 0, 0, 0, 0, 0, 0
bett_sum: 1, 0, 0, 0, 0, 0, 0, 0, 0, 0, 0, 0, 0, 0, 0, 0, 0, 0, 0, 0, 0, 0, 0, 0

succ_sum: 0, 0, 5,10, 9, 6, 3, 8, 6, 9, 3, 8, 2, 8, 8,14, 6, 2, 2, 4, 1, 1, 1, 2
fail_sum: 0, 0, 0, 0, 0, 0, 0, 0, 0, 0, 0, 0, 0, 0, 0, 0, 0, 0, 0, 0, 0, 0, 0, 0
bett_sum: 1, 0, 0, 0, 0, 0, 0, 0, 0, 0, 0, 0, 0, 0, 0, 0, 0, 0, 0, 0, 0, 0, 0, 0

succ_sum: 0, 0, 5,10, 9, 6, 3, 8, 7, 9, 3, 8, 2, 8, 8,14, 6, 2, 2, 4, 1, 1, 1, 2
fail_sum: 0, 0, 0, 0, 0, 0, 0, 0, 0, 0, 0, 0, 0, 0, 0, 0, 0, 0, 0, 0, 0, 0, 0, 0
bett_sum: 1, 0, 0, 0, 0, 0, 0, 0, 0, 0, 0, 0, 0, 0, 0, 0, 0, 0, 0, 0, 0, 0, 0, 0

succ_sum: 0, 0, 5,10, 9, 6, 3, 8, 7, 9, 3, 8, 2, 8, 8,15, 6, 2, 2, 4, 1, 1, 1, 2
fail_sum: 0, 0, 0, 0, 0, 0, 0, 0, 0, 0, 0, 0, 0, 0, 0, 0, 0, 0, 0, 0, 0, 0, 0, 0
bett_sum: 1, 0, 0, 0, 0, 0, 0, 0, 0, 0, 0, 0, 0, 0, 0, 0, 0, 0, 0, 0, 0, 0, 0, 0

succ_sum: 0, 0, 5,10, 9, 6, 3, 8, 7, 9, 3, 8, 2, 8, 8,15, 6, 3, 2, 4, 1, 1, 1, 2
fail_sum: 0, 0, 0, 0, 0, 0, 0, 0, 0, 0, 0, 0, 0, 0, 0, 0, 0, 0, 0, 0, 0, 0, 0, 0
bett_sum: 1, 0, 0, 0, 0, 0, 0, 0, 0, 0, 0, 0, 0, 0, 0, 0, 0, 0, 0, 0, 0, 0, 0, 0

succ_sum: 0, 0, 5,10, 9, 6, 3, 8, 7, 9, 3, 8, 2, 8, 8,15, 6, 3, 3, 4, 1, 1, 1, 2
fail_sum: 0, 0, 0, 0, 0, 0, 0, 0, 0, 0, 0, 0, 0, 0, 0, 0, 0, 0, 0, 0, 0, 0, 0, 0
bett_sum: 1, 0, 0, 0, 0, 0, 0, 0, 0, 0, 0, 0, 0, 0, 0, 0, 0, 0, 0, 0, 0, 0, 0, 0

succ_sum: 0, 1, 5,10, 9, 6, 3, 8, 7, 9, 3, 8, 2, 8, 8,15, 6, 3, 3, 4, 1, 1, 1, 2
fail_sum: 0, 0, 0, 0, 0, 0, 0, 0, 0, 0, 0, 0, 0, 0, 0, 0, 0, 0, 0, 0, 0, 0, 0, 0
bett_sum: 1, 0, 0, 0, 0, 0, 0, 0, 0, 0, 0, 0, 0, 0, 0, 0, 0, 0, 0, 0, 0, 0, 0, 0

succ_sum: 0, 1, 5,10, 9, 6, 3, 8, 7, 9, 3, 8, 2, 8, 8,15, 6, 3, 3, 4, 2, 1, 1, 2
fail_sum: 0, 0, 0, 0, 0, 0, 0, 0, 0, 0, 0, 0, 0, 0, 0, 0, 0, 0, 0, 0, 0, 0, 0, 0
bett_sum: 1, 0, 0, 0, 0, 0, 0, 0, 0, 0, 0, 0, 0, 0, 0, 0, 0, 0, 0, 0, 0, 0, 0, 0

succ_sum: 0, 1, 5,10, 9, 6, 3, 8, 8, 9, 3, 8, 2, 8, 8,15, 6, 3, 3, 4, 2, 1, 1, 2
fail_sum: 0, 0, 0, 0, 0, 0, 0, 0, 0, 0, 0, 0, 0, 0, 0, 0, 0, 0, 0, 0, 0, 0, 0, 0
bett_sum: 1, 0, 0, 0, 0, 0, 0, 0, 0, 0, 0, 0, 0, 0, 0, 0, 0, 0, 0, 0, 0, 0, 0, 0

succ_sum: 0, 1, 5,10, 9, 6, 3, 8, 8, 9, 3, 8, 2, 8, 8,16, 6, 3, 3, 4, 2, 1, 1, 2
fail_sum: 0, 0, 0, 0, 0, 0, 0, 0, 0, 0, 0, 0, 0, 0, 0, 0, 0, 0, 0, 0, 0, 0, 0, 0
bett_sum: 1, 0, 0, 0, 0, 0, 0, 0, 0, 0, 0, 0, 0, 0, 0, 0, 0, 0, 0, 0, 0, 0, 0, 0

